======================================================================
RADAR PROBABILITY TEST RESULTS - ISOCH
DFS: Sherwood_XC209_2020SEP21v0
======================================================================
Device MAC: .......... 02:EA:3F:00:09:87
Region: .............. USA
Radar Mode: .......... FCC
Data Rate: ........... 36Mb/sec at 96kHz
Target Power Level: .. -62.5dBm
Board Temperature: ... 53
Run Started: ......... Mon Nov  2 14:15:47 2020
======================================================================
_________________________________________________________________
0_Type, 1_Channel, 2_W_hits, 3_M_hits, 4_Trials, 5_ProbW, 6_ProbM
=================================================================
  0     15 : 21    22        21        30         73.33    70.00
  1     15 : 21    28        28        30         93.33    93.33
  2     15 : 21    30        30        30        100.00   100.00
  3     15 : 21    22        23        30         73.33    76.67
  4     15 : 21    21        17        30         70.00    56.67
 5l     15 : 21    29        29        30         96.67    96.67
 5c     15 : 21    27        29        30         90.00    96.67
 5h     15 : 21    30        28        30        100.00    93.33
  6     15 : 21    29        30        30         96.67   100.00
_________________________________________________________________
0_Type, 1_Channel, 2_W_hits, 3_M_hits, 4_Trials, 5_ProbW, 6_ProbM
=================================================================
  0     17 : 27    19        20        30         63.33    66.67
  1     17 : 27    27        28        30         90.00    93.33
  2     17 : 27    28        29        30         93.33    96.67
  3     17 : 27    24        20        30         80.00    66.67
  4     17 : 27    22        22        30         73.33    73.33
 5l     17 : 27    29        29        30         96.67    96.67
 5c     17 : 27    28        27        30         93.33    90.00
 5h     17 : 27    29        30        30         96.67   100.00
  6     17 : 27    30        29        30        100.00    96.67
_________________________________________________________________
0_Type, 1_Channel, 2_W_hits, 3_M_hits, 4_Trials, 5_ProbW, 6_ProbM
=================================================================
  0     18 : 29    20        17        30         66.67    56.67
  1     18 : 29    28        29        30         93.33    96.67
  2     18 : 29    28        29        30         93.33    96.67
  3     18 : 29    25        24        30         83.33    80.00
  4     18 : 29    16        23        30         53.33    76.67
 5l     18 : 29    29        28        30         96.67    93.33
 5c     18 : 29    30        28        30        100.00    93.33
 5h     18 : 29    29        29        30         96.67    96.67
  6     18 : 29    30        29        30        100.00    96.67
_________________________________________________________________
0_Type, 1_Channel, 2_W_hits, 3_M_hits, 4_Trials, 5_ProbW, 6_ProbM
=================================================================
  0     19 : 17    23        23        30         76.67    76.67
  1     19 : 17    28        28        30         93.33    93.33
  2     19 : 17    25        29        30         83.33    96.67
  3     19 : 17    25        20        30         83.33    66.67
  4     19 : 17    16        18        30         53.33    60.00
 5l     19 : 17    29        27        30         96.67    90.00
 5c     19 : 17    30        29        30        100.00    96.67
 5h     19 : 17    26        28        30         86.67    93.33
  6     19 : 17    28        29        30         93.33    96.67
_________________________________________________________________
0_Type, 1_Channel, 2_W_hits, 3_M_hits, 4_Trials, 5_ProbW, 6_ProbM
=================================================================
  0     21 : 16    21        24        30         70.00    80.00
  1     21 : 16    26        27        30         86.67    90.00
  2     21 : 16    30        30        30        100.00   100.00
  3     21 : 16    25        21        30         83.33    70.00
  4     21 : 16    21        21        30         70.00    70.00
 5l     21 : 16    27        24        30         90.00    80.00
 5c     21 : 16    27        29        30         90.00    96.67
 5h     21 : 16    29        29        30         96.67    96.67
  6     21 : 16    28        30        30         93.33   100.00
_________________________________________________________________
0_Type, 1_Channel, 2_W_hits, 3_M_hits, 4_Trials, 5_ProbW, 6_ProbM
=================================================================
  0     23 : 28    18        19        30         60.00    63.33
  1     23 : 28    30        27        30        100.00    90.00
  2     23 : 28    27        30        30         90.00   100.00
  3     23 : 28    24        24        30         80.00    80.00
  4     23 : 28    22        22        30         73.33    73.33
 5l     23 : 28    27        28        30         90.00    93.33
 5c     23 : 28    30        27        30        100.00    90.00
 5h     23 : 28    29        28        30         96.67    93.33
  6     23 : 28    30        27        30        100.00    90.00
_________________________________________________________________
0_Type, 1_Channel, 2_W_hits, 3_M_hits, 4_Trials, 5_ProbW, 6_ProbM
=================================================================
  0     27 : 23    18        18        30         60.00    60.00
  1     27 : 23    30        27        30        100.00    90.00
  2     27 : 23    28        30        30         93.33   100.00
  3     27 : 23    20        23        30         66.67    76.67
  4     27 : 23    18        21        30         60.00    70.00
 5l     27 : 23    29        30        30         96.67   100.00
 5c     27 : 23    29        30        30         96.67   100.00
 5h     27 : 23    30        28        30        100.00    93.33
  6     27 : 23    30        30        30        100.00   100.00
_________________________________________________________________
0_Type, 1_Channel, 2_W_hits, 3_M_hits, 4_Trials, 5_ProbW, 6_ProbM
=================================================================
  0     29 : 22    24        20        30         80.00    66.67
  1     29 : 22    28        28        30         93.33    93.33
  2     29 : 22    29        30        30         96.67   100.00
  3     29 : 22    19        25        30         63.33    83.33
  4     29 : 22    21        20        30         70.00    66.67
 5l     29 : 22    29        28        30         96.67    93.33
 5c     29 : 22    28        28        30         93.33    93.33
 5h     29 : 22    28        27        30         93.33    90.00
  6     29 : 22    29        28        30         96.67    93.33
======================================================================
Board Temperature: 63
Run Ended: Mon Nov  2 23:21:48 2020
Status Code: [0, 'ch15W-trial16-type5l-6', 3, 'ch29M-trial29-type3-6', 4, 'ch19W-trial25-type1-6', 3, 'ch17M-trial3-type2-6', 'ch17M-trial3-type2-6', 4, 'ch19W-trial6-type2-6', 3, 'ch19W-trial15-type2-6', 3, 'ch19W-trial17-type6-6', 3, 'ch21W-trial21-type5l-6', 3, 'ch16M-trial23-type5l-6', 4, 'ch21W-trial24-type5l-6', 3, 'ch21W-trial25-type5l-6', 3, 'ch23W-trial28-type2-6', 3, 'ch23W-trial10-type3-6', 3, 'ch23W-trial16-type3-6', 3, 'ch28M-trial24-type6-6', 4, 'ch28M-trial25-type6-6', 4]
